0.064000
-0.000000
-1.134500
0.064000
0.337000
-0.787500
0.064000
-0.000000
-0.787500
0.064000
-0.000000
-0.689500
0.064000
0.682000
-0.689500
0.064000
0.682000
-0.787500
0.064000
0.370000
-0.787500
0.064000
0.682000
-1.074500
0.064000
0.682000
-1.196500
0.064000
0.359000
-0.899500
0.064000
-0.000000
-1.269500
0.064000
0.541691
-0.541739
0.064000
0.552273
-0.521412
0.064000
0.561766
-0.501453
0.064000
0.570185
-0.481796
0.064000
0.577549
-0.462376
0.064000
0.583875
-0.443125
0.064000
0.589180
-0.423979
0.064000
0.593482
-0.404870
0.064000
0.596797
-0.385734
0.064000
0.599144
-0.366505
0.064000
0.600539
-0.347115
0.064000
0.601000
-0.327500
0.064000
0.598729
-0.289377
0.064000
0.592083
-0.253185
0.064000
0.581313
-0.219188
0.064000
0.566667
-0.187648
0.064000
0.548396
-0.158831
0.064000
0.526750
-0.133000
0.064000
0.501979
-0.110419
0.064000
0.474333
-0.091352
0.064000
0.444063
-0.076063
0.064000
0.411417
-0.064815
0.064000
0.376646
-0.057873
0.064000
0.340000
-0.055500
0.064000
0.302763
-0.057799
0.064000
0.267690
-0.064556
0.064000
0.234984
-0.075563
0.064000
0.204852
-0.090611
0.064000
0.177497
-0.109493
0.064000
0.153125
-0.132000
0.064000
0.131940
-0.157924
0.064000
0.114148
-0.187056
0.064000
0.099953
-0.219188
0.064000
0.089560
-0.254111
0.064000
0.083174
-0.291618
0.064000
0.081000
-0.331500
0.064000
0.081560
-0.350888
0.064000
0.083232
-0.370519
0.064000
0.086000
-0.390344
0.064000
0.089852
-0.410315
0.064000
0.094773
-0.430383
0.064000
0.100750
-0.450500
0.064000
0.107769
-0.470617
0.064000
0.115815
-0.490685
0.064000
0.124875
-0.510656
0.064000
0.134935
-0.530482
0.064000
0.145981
-0.550112
0.064000
0.158000
-0.569500
0.064000
0.051000
-0.569500
0.064000
0.042467
-0.552609
0.064000
0.034403
-0.535370
0.064000
0.026859
-0.517688
0.064000
0.019889
-0.499463
0.064000
0.013543
-0.480600
0.064000
0.007875
-0.461000
0.064000
0.002936
-0.440567
0.064000
-0.001222
-0.419204
0.064000
-0.004547
-0.396813
0.064000
-0.006986
-0.373296
0.064000
-0.008488
-0.348558
0.064000
-0.009000
-0.322500
0.064000
-0.005041
-0.261482
0.064000
0.006255
-0.206352
0.064000
0.024016
-0.157000
0.064000
0.047370
-0.113315
0.064000
0.075447
-0.075185
0.064000
0.107375
-0.042500
0.064000
0.142282
-0.015148
0.064000
0.179296
0.006981
0.064000
0.217547
0.024000
0.064000
0.256162
0.036018
0.064000
0.294270
0.043148
0.064000
0.331000
0.045500
0.064000
0.381778
0.042285
0.064000
0.429889
0.032866
0.064000
0.475000
0.017578
0.064000
0.516778
-0.003241
0.064000
0.554889
-0.029254
0.064000
0.589000
-0.060125
0.064000
0.618778
-0.095517
0.064000
0.643889
-0.135093
0.064000
0.664000
-0.178516
0.064000
0.678778
-0.225449
0.064000
0.687889
-0.275556
0.064000
0.691000
-0.328500
0.064000
0.690643
-0.346033
0.064000
0.689560
-0.363681
0.064000
0.687734
-0.381516
0.064000
0.685148
-0.399611
0.064000
0.681784
-0.418040
0.064000
0.677625
-0.436875
0.064000
0.672653
-0.456189
0.064000
0.666852
-0.476056
0.064000
0.660203
-0.496547
0.064000
0.652690
-0.517736
0.064000
0.644295
-0.539696
0.064000
0.635000
-0.562500
0.064000
0.530000
-0.562500
0.064000
0.227468
0.155585
0.064000
0.189495
0.161847
0.064000
0.154266
0.172297
0.064000
0.121963
0.186944
0.064000
0.092771
0.205800
0.064000
0.066875
0.228875
0.064000
0.044458
0.256179
0.064000
0.025704
0.287722
0.064000
0.010797
0.323516
0.064000
-0.000079
0.363569
0.064000
-0.006739
0.407894
0.064000
-0.009000
0.456500
0.064000
-0.007299
0.492338
0.064000
-0.002139
0.527537
0.064000
0.006562
0.561625
0.064000
0.018889
0.594130
0.064000
0.034924
0.624579
0.064000
0.054750
0.652500
0.064000
0.078451
0.677421
0.064000
0.106111
0.698870
0.064000
0.137812
0.716375
0.064000
0.173639
0.729463
0.064000
0.213674
0.737662
0.064000
0.258000
0.740500
0.064000
0.682000
0.740500
0.064000
0.682000
0.642500
0.064000
0.279000
0.642500
0.064000
0.260662
0.642285
0.064000
0.244046
0.641616
0.064000
0.229000
0.640453
0.064000
0.215370
0.638759
0.064000
0.203005
0.636496
0.064000
0.191750
0.633625
0.064000
0.181454
0.630108
0.064000
0.171963
0.625907
0.064000
0.163125
0.620984
0.064000
0.154787
0.615301
0.064000
0.146796
0.608819
0.064000
0.139000
0.601500
0.064000
0.129666
0.591542
0.064000
0.121162
0.581167
0.064000
0.113484
0.570375
0.064000
0.106630
0.559167
0.064000
0.100594
0.547542
0.064000
0.095375
0.535500
0.064000
0.090968
0.523042
0.064000
0.087370
0.510167
0.064000
0.084578
0.496875
0.064000
0.082588
0.483167
0.064000
0.081396
0.469042
0.064000
0.081000
0.454500
0.064000
0.081490
0.436189
0.064000
0.082921
0.418759
0.064000
0.085234
0.402219
0.064000
0.088370
0.386574
0.064000
0.092270
0.371832
0.064000
0.096875
0.358000
0.064000
0.102126
0.345084
0.064000
0.107963
0.333093
0.064000
0.114328
0.322031
0.064000
0.121162
0.311907
0.064000
0.128406
0.302728
0.064000
0.136000
0.294500
0.064000
0.145062
0.286301
0.064000
0.154745
0.279162
0.064000
0.165047
0.273016
0.064000
0.175963
0.267796
0.064000
0.187490
0.263438
0.064000
0.199625
0.259875
0.064000
0.212364
0.257041
0.064000
0.225704
0.254870
0.064000
0.239641
0.253297
0.064000
0.254171
0.252255
0.064000
0.269292
0.251678
0.064000
0.285000
0.251500
0.064000
0.682000
0.251500
0.064000
0.682000
0.153500
0.064000
0.268000
0.153500
0.064000
0.594000
1.096500
0.064000
0.405000
1.096500
0.064000
0.405000
0.830500
0.064000
0.317000
0.830500
0.064000
0.317000
1.096500
0.064000
-0.000000
1.096500
0.064000
-0.000000
1.194500
0.064000
0.682000
1.194500
0.064000
0.682000
0.830500
0.064000
0.594000
0.830500
-0.064000
0.000000
-1.134500
-0.064000
0.337000
-0.787500
-0.064000
0.000000
-0.787500
-0.064000
0.000000
-0.689500
-0.064000
0.682000
-0.689500
-0.064000
0.682000
-0.787500
-0.064000
0.370000
-0.787500
-0.064000
0.682000
-1.074500
-0.064000
0.682000
-1.196500
-0.064000
0.359000
-0.899500
-0.064000
0.000000
-1.269500
-0.064000
0.541691
-0.541739
-0.064000
0.552273
-0.521412
-0.064000
0.561766
-0.501453
-0.064000
0.570185
-0.481796
-0.064000
0.577549
-0.462376
-0.064000
0.583875
-0.443125
-0.064000
0.589180
-0.423979
-0.064000
0.593482
-0.404870
-0.064000
0.596797
-0.385734
-0.064000
0.599144
-0.366505
-0.064000
0.600539
-0.347115
-0.064000
0.601000
-0.327500
-0.064000
0.598729
-0.289377
-0.064000
0.592083
-0.253185
-0.064000
0.581313
-0.219188
-0.064000
0.566667
-0.187648
-0.064000
0.548396
-0.158831
-0.064000
0.526750
-0.133000
-0.064000
0.501979
-0.110419
-0.064000
0.474333
-0.091352
-0.064000
0.444063
-0.076063
-0.064000
0.411417
-0.064815
-0.064000
0.376646
-0.057873
-0.064000
0.340000
-0.055500
-0.064000
0.302763
-0.057799
-0.064000
0.267690
-0.064556
-0.064000
0.234984
-0.075563
-0.064000
0.204852
-0.090611
-0.064000
0.177497
-0.109493
-0.064000
0.153125
-0.132000
-0.064000
0.131940
-0.157924
-0.064000
0.114148
-0.187056
-0.064000
0.099953
-0.219188
-0.064000
0.089560
-0.254111
-0.064000
0.083174
-0.291618
-0.064000
0.081000
-0.331500
-0.064000
0.081560
-0.350888
-0.064000
0.083232
-0.370519
-0.064000
0.086000
-0.390344
-0.064000
0.089852
-0.410315
-0.064000
0.094773
-0.430383
-0.064000
0.100750
-0.450500
-0.064000
0.107769
-0.470617
-0.064000
0.115815
-0.490685
-0.064000
0.124875
-0.510656
-0.064000
0.134935
-0.530482
-0.064000
0.145981
-0.550112
-0.064000
0.158000
-0.569500
-0.064000
0.051000
-0.569500
-0.064000
0.042467
-0.552609
-0.064000
0.034403
-0.535370
-0.064000
0.026859
-0.517688
-0.064000
0.019889
-0.499463
-0.064000
0.013543
-0.480600
-0.064000
0.007875
-0.461000
-0.064000
0.002936
-0.440567
-0.064000
-0.001222
-0.419204
-0.064000
-0.004547
-0.396813
-0.064000
-0.006986
-0.373296
-0.064000
-0.008488
-0.348558
-0.064000
-0.009000
-0.322500
-0.064000
-0.005041
-0.261482
-0.064000
0.006255
-0.206352
-0.064000
0.024016
-0.157000
-0.064000
0.047370
-0.113315
-0.064000
0.075447
-0.075185
-0.064000
0.107375
-0.042500
-0.064000
0.142282
-0.015148
-0.064000
0.179296
0.006981
-0.064000
0.217547
0.024000
-0.064000
0.256162
0.036018
-0.064000
0.294270
0.043148
-0.064000
0.331000
0.045500
-0.064000
0.381778
0.042285
-0.064000
0.429889
0.032866
-0.064000
0.475000
0.017578
-0.064000
0.516778
-0.003241
-0.064000
0.554889
-0.029254
-0.064000
0.589000
-0.060125
-0.064000
0.618778
-0.095517
-0.064000
0.643889
-0.135093
-0.064000
0.664000
-0.178516
-0.064000
0.678778
-0.225449
-0.064000
0.687889
-0.275556
-0.064000
0.691000
-0.328500
-0.064000
0.690643
-0.346033
-0.064000
0.689560
-0.363681
-0.064000
0.687734
-0.381516
-0.064000
0.685148
-0.399611
-0.064000
0.681784
-0.418040
-0.064000
0.677625
-0.436875
-0.064000
0.672653
-0.456189
-0.064000
0.666852
-0.476056
-0.064000
0.660203
-0.496547
-0.064000
0.652690
-0.517736
-0.064000
0.644295
-0.539696
-0.064000
0.635000
-0.562500
-0.064000
0.530000
-0.562500
-0.064000
0.227468
0.155585
-0.064000
0.189495
0.161847
-0.064000
0.154266
0.172297
-0.064000
0.121963
0.186944
-0.064000
0.092771
0.205800
-0.064000
0.066875
0.228875
-0.064000
0.044458
0.256179
-0.064000
0.025704
0.287722
-0.064000
0.010797
0.323516
-0.064000
-0.000079
0.363569
-0.064000
-0.006739
0.407894
-0.064000
-0.009000
0.456500
-0.064000
-0.007299
0.492338
-0.064000
-0.002139
0.527537
-0.064000
0.006562
0.561625
-0.064000
0.018889
0.594130
-0.064000
0.034924
0.624579
-0.064000
0.054750
0.652500
-0.064000
0.078451
0.677421
-0.064000
0.106111
0.698870
-0.064000
0.137812
0.716375
-0.064000
0.173639
0.729463
-0.064000
0.213674
0.737662
-0.064000
0.258000
0.740500
-0.064000
0.682000
0.740500
-0.064000
0.682000
0.642500
-0.064000
0.279000
0.642500
-0.064000
0.260662
0.642285
-0.064000
0.244046
0.641616
-0.064000
0.229000
0.640453
-0.064000
0.215370
0.638759
-0.064000
0.203005
0.636496
-0.064000
0.191750
0.633625
-0.064000
0.181454
0.630108
-0.064000
0.171963
0.625907
-0.064000
0.163125
0.620984
-0.064000
0.154787
0.615301
-0.064000
0.146796
0.608819
-0.064000
0.139000
0.601500
-0.064000
0.129666
0.591542
-0.064000
0.121162
0.581167
-0.064000
0.113484
0.570375
-0.064000
0.106630
0.559167
-0.064000
0.100594
0.547542
-0.064000
0.095375
0.535500
-0.064000
0.090968
0.523042
-0.064000
0.087370
0.510167
-0.064000
0.084578
0.496875
-0.064000
0.082588
0.483167
-0.064000
0.081396
0.469042
-0.064000
0.081000
0.454500
-0.064000
0.081490
0.436189
-0.064000
0.082921
0.418759
-0.064000
0.085234
0.402219
-0.064000
0.088370
0.386574
-0.064000
0.092270
0.371832
-0.064000
0.096875
0.358000
-0.064000
0.102126
0.345084
-0.064000
0.107963
0.333093
-0.064000
0.114328
0.322031
-0.064000
0.121162
0.311907
-0.064000
0.128406
0.302728
-0.064000
0.136000
0.294500
-0.064000
0.145062
0.286301
-0.064000
0.154745
0.279162
-0.064000
0.165047
0.273016
-0.064000
0.175963
0.267796
-0.064000
0.187490
0.263438
-0.064000
0.199625
0.259875
-0.064000
0.212364
0.257041
-0.064000
0.225704
0.254870
-0.064000
0.239641
0.253297
-0.064000
0.254171
0.252255
-0.064000
0.269292
0.251678
-0.064000
0.285000
0.251500
-0.064000
0.682000
0.251500
-0.064000
0.682000
0.153500
-0.064000
0.268000
0.153500
-0.064000
0.594000
1.096500
-0.064000
0.405000
1.096500
-0.064000
0.405000
0.830500
-0.064000
0.317000
0.830500
-0.064000
0.317000
1.096500
-0.064000
0.000000
1.096500
-0.064000
0.000000
1.194500
-0.064000
0.682000
1.194500
-0.064000
0.682000
0.830500
-0.064000
0.594000
0.830500
-0.064000
0.594000
1.096500
0.064000
0.594000
1.096500
-0.064000
0.405000
1.096500
0.064000
0.405000
1.096500
-0.064000
0.405000
0.830500
0.064000
0.405000
0.830500
-0.064000
0.317000
0.830500
0.064000
0.317000
0.830500
-0.064000
0.317000
1.096500
0.064000
0.317000
1.096500
-0.064000
0.000000
1.096500
0.064000
-0.000000
1.096500
-0.064000
0.000000
1.194500
0.064000
-0.000000
1.194500
-0.064000
0.682000
1.194500
0.064000
0.682000
1.194500
-0.064000
0.682000
0.830500
0.064000
0.682000
0.830500
-0.064000
0.594000
0.830500
0.064000
0.594000
0.830500
-0.064000
0.227468
0.155585
0.064000
0.227468
0.155585
-0.064000
0.189495
0.161847
0.064000
0.189495
0.161847
-0.064000
0.154266
0.172297
0.064000
0.154266
0.172297
-0.064000
0.121963
0.186944
0.064000
0.121963
0.186944
-0.064000
0.092771
0.205800
0.064000
0.092771
0.205800
-0.064000
0.066875
0.228875
0.064000
0.066875
0.228875
-0.064000
0.044458
0.256179
0.064000
0.044458
0.256179
-0.064000
0.025704
0.287722
0.064000
0.025704
0.287722
-0.064000
0.010797
0.323516
0.064000
0.010797
0.323516
-0.064000
-0.000079
0.363569
0.064000
-0.000079
0.363569
-0.064000
-0.006739
0.407894
0.064000
-0.006739
0.407894
-0.064000
-0.009000
0.456500
0.064000
-0.009000
0.456500
-0.064000
-0.007299
0.492338
0.064000
-0.007299
0.492338
-0.064000
-0.002139
0.527537
0.064000
-0.002139
0.527537
-0.064000
0.006562
0.561625
0.064000
0.006562
0.561625
-0.064000
0.018889
0.594130
0.064000
0.018889
0.594130
-0.064000
0.034924
0.624579
0.064000
0.034924
0.624579
-0.064000
0.054750
0.652500
0.064000
0.054750
0.652500
-0.064000
0.078451
0.677421
0.064000
0.078451
0.677421
-0.064000
0.106111
0.698870
0.064000
0.106111
0.698870
-0.064000
0.137812
0.716375
0.064000
0.137812
0.716375
-0.064000
0.173639
0.729463
0.064000
0.173639
0.729463
-0.064000
0.213674
0.737662
0.064000
0.213674
0.737662
-0.064000
0.258000
0.740500
0.064000
0.258000
0.740500
-0.064000
0.682000
0.740500
0.064000
0.682000
0.740500
-0.064000
0.682000
0.642500
0.064000
0.682000
0.642500
-0.064000
0.279000
0.642500
0.064000
0.279000
0.642500
-0.064000
0.260662
0.642285
0.064000
0.260662
0.642285
-0.064000
0.244046
0.641616
0.064000
0.244046
0.641616
-0.064000
0.229000
0.640453
0.064000
0.229000
0.640453
-0.064000
0.215370
0.638759
0.064000
0.215370
0.638759
-0.064000
0.203005
0.636496
0.064000
0.203005
0.636496
-0.064000
0.191750
0.633625
0.064000
0.191750
0.633625
-0.064000
0.181454
0.630108
0.064000
0.181454
0.630108
-0.064000
0.171963
0.625907
0.064000
0.171963
0.625907
-0.064000
0.163125
0.620984
0.064000
0.163125
0.620984
-0.064000
0.154787
0.615301
0.064000
0.154787
0.615301
-0.064000
0.146796
0.608819
0.064000
0.146796
0.608819
-0.064000
0.139000
0.601500
0.064000
0.139000
0.601500
-0.064000
0.129666
0.591542
0.064000
0.129666
0.591542
-0.064000
0.121162
0.581167
0.064000
0.121162
0.581167
-0.064000
0.113484
0.570375
0.064000
0.113484
0.570375
-0.064000
0.106630
0.559167
0.064000
0.106630
0.559167
-0.064000
0.100594
0.547542
0.064000
0.100594
0.547542
-0.064000
0.095375
0.535500
0.064000
0.095375
0.535500
-0.064000
0.090968
0.523042
0.064000
0.090968
0.523042
-0.064000
0.087370
0.510167
0.064000
0.087370
0.510167
-0.064000
0.084578
0.496875
0.064000
0.084578
0.496875
-0.064000
0.082588
0.483167
0.064000
0.082588
0.483167
-0.064000
0.081396
0.469042
0.064000
0.081396
0.469042
-0.064000
0.081000
0.454500
0.064000
0.081000
0.454500
-0.064000
0.081490
0.436189
0.064000
0.081490
0.436189
-0.064000
0.082921
0.418759
0.064000
0.082921
0.418759
-0.064000
0.085234
0.402219
0.064000
0.085234
0.402219
-0.064000
0.088370
0.386574
0.064000
0.088370
0.386574
-0.064000
0.092270
0.371832
0.064000
0.092270
0.371832
-0.064000
0.096875
0.358000
0.064000
0.096875
0.358000
-0.064000
0.102126
0.345084
0.064000
0.102126
0.345084
-0.064000
0.107963
0.333093
0.064000
0.107963
0.333093
-0.064000
0.114328
0.322031
0.064000
0.114328
0.322031
-0.064000
0.121162
0.311907
0.064000
0.121162
0.311907
-0.064000
0.128406
0.302728
0.064000
0.128406
0.302728
-0.064000
0.136000
0.294500
0.064000
0.136000
0.294500
-0.064000
0.145062
0.286301
0.064000
0.145062
0.286301
-0.064000
0.154745
0.279162
0.064000
0.154745
0.279162
-0.064000
0.165047
0.273016
0.064000
0.165047
0.273016
-0.064000
0.175963
0.267796
0.064000
0.175963
0.267796
-0.064000
0.187490
0.263438
0.064000
0.187490
0.263438
-0.064000
0.199625
0.259875
0.064000
0.199625
0.259875
-0.064000
0.212364
0.257041
0.064000
0.212364
0.257041
-0.064000
0.225704
0.254870
0.064000
0.225704
0.254870
-0.064000
0.239641
0.253297
0.064000
0.239641
0.253297
-0.064000
0.254171
0.252255
0.064000
0.254171
0.252255
-0.064000
0.269292
0.251678
0.064000
0.269292
0.251678
-0.064000
0.285000
0.251500
0.064000
0.285000
0.251500
-0.064000
0.682000
0.251500
0.064000
0.682000
0.251500
-0.064000
0.682000
0.153500
0.064000
0.682000
0.153500
-0.064000
0.268000
0.153500
0.064000
0.268000
0.153500
-0.064000
0.541691
-0.541739
0.064000
0.541691
-0.541739
-0.064000
0.552273
-0.521412
0.064000
0.552273
-0.521412
-0.064000
0.561766
-0.501453
0.064000
0.561766
-0.501453
-0.064000
0.570185
-0.481796
0.064000
0.570185
-0.481796
-0.064000
0.577549
-0.462376
0.064000
0.577549
-0.462376
-0.064000
0.583875
-0.443125
0.064000
0.583875
-0.443125
-0.064000
0.589180
-0.423979
0.064000
0.589180
-0.423979
-0.064000
0.593482
-0.404870
0.064000
0.593482
-0.404870
-0.064000
0.596797
-0.385734
0.064000
0.596797
-0.385734
-0.064000
0.599144
-0.366505
0.064000
0.599144
-0.366505
-0.064000
0.600539
-0.347115
0.064000
0.600539
-0.347115
-0.064000
0.601000
-0.327500
0.064000
0.601000
-0.327500
-0.064000
0.598729
-0.289377
0.064000
0.598729
-0.289377
-0.064000
0.592083
-0.253185
0.064000
0.592083
-0.253185
-0.064000
0.581313
-0.219188
0.064000
0.581313
-0.219188
-0.064000
0.566667
-0.187648
0.064000
0.566667
-0.187648
-0.064000
0.548396
-0.158831
0.064000
0.548396
-0.158831
-0.064000
0.526750
-0.133000
0.064000
0.526750
-0.133000
-0.064000
0.501979
-0.110419
0.064000
0.501979
-0.110419
-0.064000
0.474333
-0.091352
0.064000
0.474333
-0.091352
-0.064000
0.444063
-0.076063
0.064000
0.444063
-0.076063
-0.064000
0.411417
-0.064815
0.064000
0.411417
-0.064815
-0.064000
0.376646
-0.057873
0.064000
0.376646
-0.057873
-0.064000
0.340000
-0.055500
0.064000
0.340000
-0.055500
-0.064000
0.302763
-0.057799
0.064000
0.302763
-0.057799
-0.064000
0.267690
-0.064556
0.064000
0.267690
-0.064556
-0.064000
0.234984
-0.075563
0.064000
0.234984
-0.075563
-0.064000
0.204852
-0.090611
0.064000
0.204852
-0.090611
-0.064000
0.177497
-0.109493
0.064000
0.177497
-0.109493
-0.064000
0.153125
-0.132000
0.064000
0.153125
-0.132000
-0.064000
0.131940
-0.157924
0.064000
0.131940
-0.157924
-0.064000
0.114148
-0.187056
0.064000
0.114148
-0.187056
-0.064000
0.099953
-0.219188
0.064000
0.099953
-0.219188
-0.064000
0.089560
-0.254111
0.064000
0.089560
-0.254111
-0.064000
0.083174
-0.291618
0.064000
0.083174
-0.291618
-0.064000
0.081000
-0.331500
0.064000
0.081000
-0.331500
-0.064000
0.081560
-0.350888
0.064000
0.081560
-0.350888
-0.064000
0.083232
-0.370519
0.064000
0.083232
-0.370519
-0.064000
0.086000
-0.390344
0.064000
0.086000
-0.390344
-0.064000
0.089852
-0.410315
0.064000
0.089852
-0.410315
-0.064000
0.094773
-0.430383
0.064000
0.094773
-0.430383
-0.064000
0.100750
-0.450500
0.064000
0.100750
-0.450500
-0.064000
0.107769
-0.470617
0.064000
0.107769
-0.470617
-0.064000
0.115815
-0.490685
0.064000
0.115815
-0.490685
-0.064000
0.124875
-0.510656
0.064000
0.124875
-0.510656
-0.064000
0.134935
-0.530482
0.064000
0.134935
-0.530482
-0.064000
0.145981
-0.550112
0.064000
0.145981
-0.550112
-0.064000
0.158000
-0.569500
0.064000
0.158000
-0.569500
-0.064000
0.051000
-0.569500
0.064000
0.051000
-0.569500
-0.064000
0.042467
-0.552609
0.064000
0.042467
-0.552609
-0.064000
0.034403
-0.535370
0.064000
0.034403
-0.535370
-0.064000
0.026859
-0.517688
0.064000
0.026859
-0.517688
-0.064000
0.019889
-0.499463
0.064000
0.019889
-0.499463
-0.064000
0.013543
-0.480600
0.064000
0.013543
-0.480600
-0.064000
0.007875
-0.461000
0.064000
0.007875
-0.461000
-0.064000
0.002936
-0.440567
0.064000
0.002936
-0.440567
-0.064000
-0.001222
-0.419204
0.064000
-0.001222
-0.419204
-0.064000
-0.004547
-0.396813
0.064000
-0.004547
-0.396813
-0.064000
-0.006986
-0.373296
0.064000
-0.006986
-0.373296
-0.064000
-0.008488
-0.348558
0.064000
-0.008488
-0.348558
-0.064000
-0.009000
-0.322500
0.064000
-0.009000
-0.322500
-0.064000
-0.005041
-0.261482
0.064000
-0.005041
-0.261482
-0.064000
0.006255
-0.206352
0.064000
0.006255
-0.206352
-0.064000
0.024016
-0.157000
0.064000
0.024016
-0.157000
-0.064000
0.047370
-0.113315
0.064000
0.047370
-0.113315
-0.064000
0.075447
-0.075185
0.064000
0.075447
-0.075185
-0.064000
0.107375
-0.042500
0.064000
0.107375
-0.042500
-0.064000
0.142282
-0.015148
0.064000
0.142282
-0.015148
-0.064000
0.179296
0.006981
0.064000
0.179296
0.006981
-0.064000
0.217547
0.024000
0.064000
0.217547
0.024000
-0.064000
0.256162
0.036018
0.064000
0.256162
0.036018
-0.064000
0.294270
0.043148
0.064000
0.294270
0.043148
-0.064000
0.331000
0.045500
0.064000
0.331000
0.045500
-0.064000
0.381778
0.042285
0.064000
0.381778
0.042285
-0.064000
0.429889
0.032866
0.064000
0.429889
0.032866
-0.064000
0.475000
0.017578
0.064000
0.475000
0.017578
-0.064000
0.516778
-0.003241
0.064000
0.516778
-0.003241
-0.064000
0.554889
-0.029254
0.064000
0.554889
-0.029254
-0.064000
0.589000
-0.060125
0.064000
0.589000
-0.060125
-0.064000
0.618778
-0.095517
0.064000
0.618778
-0.095517
-0.064000
0.643889
-0.135093
0.064000
0.643889
-0.135093
-0.064000
0.664000
-0.178516
0.064000
0.664000
-0.178516
-0.064000
0.678778
-0.225449
0.064000
0.678778
-0.225449
-0.064000
0.687889
-0.275556
0.064000
0.687889
-0.275556
-0.064000
0.691000
-0.328500
0.064000
0.691000
-0.328500
-0.064000
0.690643
-0.346033
0.064000
0.690643
-0.346033
-0.064000
0.689560
-0.363681
0.064000
0.689560
-0.363681
-0.064000
0.687734
-0.381516
0.064000
0.687734
-0.381516
-0.064000
0.685148
-0.399611
0.064000
0.685148
-0.399611
-0.064000
0.681784
-0.418040
0.064000
0.681784
-0.418040
-0.064000
0.677625
-0.436875
0.064000
0.677625
-0.436875
-0.064000
0.672653
-0.456189
0.064000
0.672653
-0.456189
-0.064000
0.666852
-0.476056
0.064000
0.666852
-0.476056
-0.064000
0.660203
-0.496547
0.064000
0.660203
-0.496547
-0.064000
0.652690
-0.517736
0.064000
0.652690
-0.517736
-0.064000
0.644295
-0.539696
0.064000
0.644295
-0.539696
-0.064000
0.635000
-0.562500
0.064000
0.635000
-0.562500
-0.064000
0.530000
-0.562500
0.064000
0.530000
-0.562500
-0.064000
0.000000
-1.134500
0.064000
-0.000000
-1.134500
-0.064000
0.337000
-0.787500
0.064000
0.337000
-0.787500
-0.064000
0.000000
-0.787500
0.064000
-0.000000
-0.787500
-0.064000
0.000000
-0.689500
0.064000
-0.000000
-0.689500
-0.064000
0.682000
-0.689500
0.064000
0.682000
-0.689500
-0.064000
0.682000
-0.787500
0.064000
0.682000
-0.787500
-0.064000
0.370000
-0.787500
0.064000
0.370000
-0.787500
-0.064000
0.682000
-1.074500
0.064000
0.682000
-1.074500
-0.064000
0.682000
-1.196500
0.064000
0.682000
-1.196500
-0.064000
0.359000
-0.899500
0.064000
0.359000
-0.899500
-0.064000
0.000000
-1.269500
0.064000
-0.000000
-1.26950